[10082732480294647881018578697746602521, 67112550951980023320201753600268804545139087949980673756873830336725709304308538453848824, 321316045376144119133959740815991671087702949949398822958650667886197799833544048827938563]
[328759626200905139977271595369046338211, 63420219160408854536459638759161300724525699659281589991318269522940277788820929204769452, 363011496639538120735289314427162330196785167183435746763948706203652714459741082599494428]
[14542286135982805979339185582010273434, 313456991919242049378410918400249625545171655820239595227768762145904805887587581975430422, 75153093714610241057407891189856225667616673600773404124270303533284276832501664785330366]
[227320168057432981960945386353607920962, 426125347043703651792018334965121251890030170273441562213877210264498556927051001489564, 106508253379848838506887600375063666679341290198304939502719404290785867612408752835931316]
[184729540568571855753356430323202774133, 380224297038645122187278014016307494877107342177163136305486587333502660014907670047143464, 191547360338535232632466632940548048511960982712971689847720494470938069326206878133747127]
[170662104986314622933966308247217890422, 26720414014366506756376492100212513633129390049740454451424063099179420268681543642137774, 327773391582831767189522779289281046231828797282538629748056447874386446009330680067231725]
[13180180175361642648457478919039128130, 190828620933786915028137462616831833409548461087199242631403253798334093993628569685779353, 305625900401313728874523437399497580225970354063725752093960156918930712340975466392011927]
[330057186260014915327730594989214084311, 412674858762462308709129814655333605960584876851656669293037239564454683074647953801628337, 464358762889408882217089718151106128179074470908909588277620404530393357593303308740578988]
[293614309486512894092784653058069227399, 547841883308482589380261477627586412212939040131780346546162820555895143943409771727698405, 210818792167113773991656254692446944249779944387265778387948314114937226234379544069954422]
[304996442304070975583022472082650797393, 531518764537013530464206269480795212485215659351922071165074267000033272519460560574401507, 200327361366469252305357093586999174753285139561129712640146092754981817656921678567623620]
[32188026711135140821136092997953251587, 538563518020833919548077363234625275297975707920318178046997605129182483371227082900317697, 544089721295167569761139095250123554830054310518650053711129794804453638207271390035292453]
[232147082234840374755594608517368426126, 413721583453033579565563857903192999085079240898953512218707202668215814543512801350420520, 460711434482605754147931304933641921777076967677755007897620147526552292174784055665463971]
[29363597082199792791789981648818780972, 234267504420425122217189649819371615402856707757888962916457605165360079268102906734243537, 224327443091340090276937844419495657987696852632582316349929970967113749155472686917312359]
[18624052973156122055024886251697265111, 429539079438645642346754564630670345613984434835551579067408608790772320483719680463468178, 416732216315440308378623164652972120847588424150276335057896285417482590012492287992130000]
[99761000723090587821114666923471912090, 429587798745070550314639256523138741178129528193546336770333029837463496799741600048030735, 300555682310682280084485746189382617298075304807499317604044172539776020895893786476509774]
[326025727206926405013220196161827375445, 413317387456236926264994765199265835767000120594954922409007202376263626380976779914565805, 518732442705875915156663903569538055942625533248704949427266285727784072087322141775074366]
[282055186645421257659675028965225530735, 543144081065398334091060420771431323957591342931966343384096708165875867604159240887874084, 136710128478907604735655755963779597824758710349541383295868632984086763813686599340666110]
[5898578428491251761848711082931974725, 304991752853537413340714744030422268600777507556892501383549304321476337995402840585927950, 234727468844594366933256359930626443077268936592268338207351068691503229906227401733335982]
[167235644156405191779052526033011495284, 359718019749352193492456120473484337342331595678074115352051894896493548931823442326767380, 259756598910175102383549403171645701452053971110199003822269771274436286934360468304558248]
[120169910379037041308319935655348007812, 83177213353015157048045219534803929227051711082052306461522668553120193548178991107796326, 481388050525713301192994404258436801579974766083132199214429187365443032778610911730969716]
[53177722101877525186691778535137016365, 298270266993045793892070412071577353463529329654750674126888092007569673511677395180157624, 444993924031710767331942787296499782967316281065504261736427031549745875834027536233598335]
[198463878895445697519049135945457070458, 56169837187902488802438078480733157383381231523655483479422028667921251654900900324296597, 284780228586543122459913506174134811635492306117641989018186491915722600473929005290219029]
[270442519529546182793857063719847691401, 272295268713576453085944484146644643175455821896211373641288252856797691532635756341225799, 317530549163729994690215098155789939144591110647186119231834869027639802919892665482736155]
[312215980300227313213814194863025407663, 435450396786668025703104237516362126746243969459766411192696512804707968120414754813196954, 50319237450775072352624736905794713160624437849141272919669058763864119307570598717369874]
[176509532335444712949538897924826454774, 351142932352681565067235018879973844964752902583510933822772541224712839786503620033458584, 37793276212758375434310243109262366847084126243560734246261396670255274316011266514450809]
[285603302741760533844421540169672241849, 234920212074931785525620060652335226145068430850501783296155859050154963896796045960491823, 272863637424928164673038350846537948630021298104502153903575328381154586591515886065112472]
[28749516124418254402145379759856055487, 343718941834741775749589207171236651773034164348445044699703460181656386981477359473401946, 292857676912559510559555758280597641803684798774004851956402049352157841817768723480463192]
[340225061607687304739017880877388028687, 190159236306595485681907662934031050710094609655877651219553351135269647963464294865223504, 89610165238244541117129571666003578449030956929886579897907441210568691796709742354891145]
[266088135501972822030042314821283573220, 69328013652463646456230023541189324985166512227480855317063788138533365144973979142547765, 18862484458071979200465358398674962108544283968210931087870309613479035424170674803976121]
[159621862925292840912247433470751185636, 193025610243176119407470142565003373364739321716558805466432727328771763854678961775672538, 101660226860907423825770824771690661179694613575340597873883637932267248712478022868680877]
[86397462490084972692167639962509628483, 467451526659026864285786397699297587556076077126786770413548641631158315797951988288243142, 33879411437296717667403207439090838457799669942403251177157845568367705476858388160581798]
[197407919511315802082114159850974003633, 482662504917395779473773182555371793786263900433399675763082474600900358263826083021557183, 486384084794914271838425148690219608016967183681817559927195029166481873944828529468202132]
[11717851727678889767737443548810648248, 551842449158237796605636641514758008380522069498264655692005120264002632815440748077479300, 123961786177076427426827565469823018904206527566393441760151668341840513222617914289766434]
[236977920202099713423188999521292239993, 117065517310729438542887942878040691630623953310805968919451295126932798167638634274997633, 208967485743005117324358248684768358363175461453097927290385852063804035555724947132739600]
[27165708761730223830854018571906335080, 146939392769879381107696178025963464124849410260096440545938819092044430377636479883087395, 262674747239694387100981758173415364293980011194520834149572707724811646681364202662692596]
[191553960588731566725384304748611749337, 291694780266523908103089151914285289232037166783890003407899392197672077229140457679502748, 23622271594031271756282002178273127926473975055530379086684542093865054901713080465709036]
[245590219690152166336405485920541794264, 112882999119273873958313844445467663337534175657850520302410915098248715283748069800431598, 370038612254315497803504141962118941667327438050178451361776062837814858380781596383686430]
[211988439381035813995651103648096314449, 149884580609582689675924411769883412609283363631235335142281324365803376080219702168352507, 444301660440191020808102676044670632985899307377300700274973524275997404701897566984973162]
[116850623538705214869970017773693986490, 128691845770044320151075638018164865168200567198181883730876700949572545369390425273480578, 154044708857604721702394856564610526672462679710393123394003096030421434223980176306095646]
[241264194235107164774229081112007763686, 37830819105993975445444058304399011016829570222723154144851336091163416907074111768676035, 308650096574971227754369245906251972808829055146745417115342258959317113282709569998843843]
[44347375250084593663327174570988235504, 527553173535670603742720942859771855197611902528407504330993436825687540710837482631262456, 20778844638428608998865916835775921151690219934445611133022348223144422653090358756226796]
[203720943828304787044258428318795166698, 367832883952977911801709421465225058946868180383906866189679403610793164700646851793829694, 413756058839926245145860314640184978485215120549772592816694915188427521852229262906592790]
[302688788372646799486138368338288281682, 331192204606589488395242651350135901420885872521787150079987346140656708147484972103717363, 561464807181332785481692657434829892642572621872190732928625913108248245608466591482571954]
[304834777122380402729847720517534358457, 585434174432119175740662945482507528910426185904911709617229285043839672973441134687796701, 455728008625152362861136500679859946385217126956524954927865603160951885038700525662619926]
[24314327375135061826381760405833732275, 541126372526432559322753281247924805523312719735014571630785559782860964244448868447196646, 38347808810496162202755202743824106181502700678461078296251775339863815053073219454488530]
[16433002830492117174636232024663324380, 47303459562369171479660907264950567946113069186459508476033393249925854239684057678490107, 495894747629109270909797777079759451393874991568231983978959205129475402184104350175051152]
[258408199127497013931093965578046814104, 136226497149360794448073369594246800131873788249636097599809324193681022183704783189846388, 524998415259047987703488701434304128875695431550030149535298189208476552934905144033919805]
[3784997351943614601808180188051198367, 442751551579501002952066291356403041720692059283103164067780392340976441345628087977363204, 442753773901382300900523871844911273112214120614557235096663811530522276889029750917659965]
[125602926135501878830459334157207167928, 492985425401004779665839324858328271618647846171936316935767900709557656608002904808826426, 312549275702946093523111462829836317242099714919630523550757001727066529663430546362905287]
[300835804125301802886380161508084558677, 119323294117604038145792834142844096369965706095301369216480094565665122685737488148601093, 398853420377388111427560869012880405372768729052047307608384970686760261595408579600824036]
[106946487360616210214783784711824370850, 294154598377342945766251688201253137283080303660514908596544150569785137508930636405656331, 217254898410344601974651938443712709115467566656743699590621212394075768053346713176697411]
[37643533139816298206656854395482798640, 115904225676192770047947717417973092532115584264004045277321529294001128801096393815013693, 376440032963160904903999840308165059089672025990865852717242241146167105278270177598278258]
[207052039564339376502064720190062138195, 275110921406967152455073827498876964535152176946120413304375169336694698312278382887436180, 574174052137535718889724754773913739636946216333686711702111231435556741918480127219556128]
[49324697688057528242038306405279361464, 161703900753726142847018126325926198792385308862603224979296904180803816316632194098841179, 330384558087255358284040097718802635350926538918323294478965339949787014604644600359860749]
[255912382385736698779759737601293655385, 332170298071029681481338478480651983915147256652803463079870156229675412737129797104729006, 87774508965235584897524624391736215908940347379994804927106642389859405353339523508655132]
[85540761352865635517280573946786534588, 350950131456545365250398435734895318073269405193085090149624816874588125776934690695700350, 116472973784188192831424616657428092861557025750205040892167950223884603626352797942295369]
[67112545888250776802551581121139194430, 11735246963310994896472932075532242029967242332711006138078627929250573805621659400069230, 251411404643247297653411043694370873902975591005000040005417825352109903113846159085205627]
[18459831973512845766885812881748186721, 571831452509816890155041621576144267159032793643494262489689341488905067895193628018617623, 205947667894113767899540782080669391355931184710083784832707112630955007626028798768568397]
[26141902491526920070855058324425566438, 288165885099824194595014870546681313287799194741828614767937377102279104742493894354871567, 399603036214406233172797898633119082492884478417595669643785870991546455298979039047965662]
[27136269937024056032424792614525494159, 131879069285257386676671596510213959767534505209268266936771187630526494326449699028839916, 394862469770432693934496459461910302718959409741586244108597921469187662403666240686034214]
[112735458672788013140084756689677237274, 331724865690430368677715813573475382204918321204048737892839062769337816869607653356912712, 107424238910328803734346844769501027875783670868438630915311354015064859328426957000602631]
[196002092675539962561041889096516113106, 173767630530809497625997680061904051735350178839248146315345365942519826698072774289965809, 251023764738500336084995053456503302072601587580443129610813774629972440717418186298447320]
[175993083838088777755415517880583238661, 406128489124588338151372542772275067561900712244389698357486130152808229601173110736523410, 541364046943573621389019521601975930801061779344875619218862906143413768713543875553552782]
[283001615803277713432156605771208502975, 235290112316462810526952953454837045415001685244673371720021187530578087216203368008016045, 89601817069359340986341031339172463136211945773726279176497160446370434302326601315874011]
[262854660745809859951920333673531327750, 341185934281710204973601028380900580499134628746338390481610769529432591950302935769578027, 181851670865013458549096173371503379830297748765745315532490327180970105364278525142260656]
[52227289993923259636056217324515721544, 576658208062645306941098475461065828268815056138562906990864549728546207456658207766063829, 327365853089227239909635977677744397190965666527121533155359222511676370658004480064205166]
[274334377132755658722461213215927795521, 455119502772082809946834090000873608060914695192565380646062910167357285701101703523826433, 38941281662903521831762588520120500374837941111851298942911580512243613068223326140573063]
[285550406840361343864392058563960818653, 544180300449467801245913332891962393525519302476900943696150750723864207476374667021338522, 199221091101129391391726072915608604728095063796322368525398930535005705960974376580953273]
[316067408438880161886777531738052101376, 307608780033363153906857922660424972011921009184389690984380766354301485667810779730922130, 240815532468522070171370173445983009186034264009625793059338962278658267276448126571086164]
[65062120438347319214561250610656656307, 15140366204404681453893851400344734468112625780439694389070963416907243379597086122256200, 431473987942980384216305834831990472663529318175020196830649869016075745753773236919076074]
[17336304494040254380724565114224640979, 382883259868457109836809299184810503020820836261591600587751331470308035629980316449138098, 564939090166970628260076200944871179055309158059105501145158098493197990963361721664669971]
[223549150478226449097850122288320001945, 506059997441995832697090047056127921534492997257018524609664488899013855103404456306145042, 327080470545020884854729812830439230645624371530159251343328594250810129290317857883962801]
[158077299210384076172002345072123459690, 418007966013731427312698846614484612447311518152159198610967038376417984129617339525219534, 321088594778183352663221447800932622596648461497084356022709081903501991633902863932002798]
[74890804456967237070898449845928873289, 444420388000491348651383520358709253217566406368236992873025575499656525474988986940661798, 123737709358682027824503570380886241715785924857110354296384036009231762611654322840819880]
[238493328844511462672133992377388812531, 441372161542959625616962902556397016705353497903165621560101303184983102133759951552044180, 220067016569108230635902952501383830828116995457309303242052028525181000365334333118579976]
[33939316526846701176512238108372569348, 45902947648376192706071826294996730635462669262289959603623474367639079810928525986700937, 43169327903069963934727257316684541184519820551207679731523441231691364806697454187917268]
[172789589352537584789917629375685365494, 318143274954737827369650643448569202733256367253366987021155943810393006195025317021641033, 224693717739025239887066539391343800739880756005954004091255886252233642921256128859774583]
[61888139058604572055809542392661113784, 56382414961956817305379204846024550252391919704067093126347018434584012593069520645354572, 582735274622561461307616581527225724203665330871199962180170052286994703248269455522555089]
[292208532621512267243058619892494966132, 507778662950741563611832685952817722650969424297405689712191160577332273036507357949663346, 91422485366287019981884403329346001951190019177276322489370756034145177896345933168796844]
[13556915984146278499362555710300625742, 34305382445747461780891060674476646259009850174374796008065246287592700561419428030082005, 323523839557204183992425352658563253200234144110929994215497325563920261749015620301035513]
[167010413118930644004351100851426185612, 376207936218693372075566847492925943675286864442834662236509714136501497652832985640490753, 20810251749326515519840255081766297279704895162033002374390107299298531274029613967966595]
[237564815179634754053281960382878960926, 573286723348435219650841570957869752920007858890893151482290478835614012063401081697254901, 298960583638632894994519051332969207073961605157167306396370582359213633317701949011925000]
[146369990660355763785749330838022281886, 234756643265744935996530468501591871630472515821024286484766191568861278113739570810974382, 399960536020546987080611184907864559390758922132118344650259157709776188729908778070845634]
[19739974327152212823177796962768784911, 134528557298569058789305013727430409865944244459187663652344909215394282190415937838398197, 112942005597279774763031262392154031125770469317431027088113527620637737620879690848892745]
[190972629197575406509353881953694618274, 555408385406452451063633026653439861101671998660782405427620283338124943623450328714812589, 566590201125931876025786623572774939194440760556357373859929477912730700582202620462224263]
[210152768927311848026282298465977571943, 472726435845523494847575438487728060870656906733017897396748858200699767546928873003956485, 510531914457123125908443481707105993705131402712194504688148982139104655236333618056503655]
[126412186294920804854469462792505908036, 449837436500351868195811081226422019994139460479147183300927754785574032063096306392551626, 452796686591188800348418244071852086207062392248884566128600777943946489555235493101862367]
[331675518595345938166726282480450922945, 171757557939521289661773755873133688792373049821795074282074622655354349107273032290152321, 224284815314703222238938927662237765447118670174070649659769353073042856411085329946550246]
[14176356053274436081658240642118829961, 247039402551754668748668231628877221901082329252539457927805136045381280800675115719862763, 121659404805376068350348495141469598014883949615273427041453841759575841412701141977686460]
[102090393468004434114494622059211552589, 17896861507067805402707303528463109430427375335977041591964336281512428445141971930744019, 498683752174701704040799396578367959561309833770812857583016872274483149045851337897129026]
[331946795561362174095605426517080583142, 153421507709620680483918094681451869304449321409939497139549707912734890678774867987803197, 31559242311195284621230209242408062329740841664746088607410622585883194423265329247729702]
[78037459115998953508702793434270577084, 107787650379821961103549401746597747742743575250998052711238345216043794851552596766579966, 190601344127946264374301699225686416478597460620867195247415636704220501267592857171717688]
[328989641904519363284028829210541905012, 526945769585746183565983461313747566944820321434833983415287607872285071904004390812673494, 306675718405929623058070273707703674007297275243756781496152801702996567297779412357320379]
[70767326885703137167029813130151386444, 129206605499986424275341642892797621267528585108488601588740131600576952342074615886865304, 546578840902068620604287866490702641329249424009023952607393608007966400488795960493537068]
[321150444762961023032941597004437598412, 270677498778280275286809954187160202609722049788368087744124810407620395029334852021808785, 467881116252680745393914601274542804885049949760068819827060005944412014879476880456661187]
[182631849500089230283714778586497888243, 272050444832649139591256491019962863485877331120904385831104363483974654798133098924843755, 120989081745048217898105444958218322402271903899186033942881077057806979894527896536269279]
[35389081877569438000809683866041184322, 179848213286371959232570882507493889831186747856930982612378988093433341215117653903063656, 25884533497270697816157389495991583663538674829857081430888672912728492857280117069388670]
[216045040295016770341198439639229159147, 76544656153449629950285890949439529989535120872255874957678611562350002898286592184611322, 37466217326460043361890191603913203913362996129739324776188166406105757313329611996513492]
[274872774542430298862481587112757112211, 207711505874732185669042369804448458956463995728127435015031765521666391909130420788617023, 84312535981252704086502136291058949779962456708468434087177774498663220072592257644190231]
[203091704198815526614075962632486196074, 583843519520412733195144086054017084770973710931567572805659574885340144169642113568723693, 331048466314532219166985619054174448878416012284516647006993448829297635275088590281904745]
[258290080378929299775634808814436556050, 305125615599210458454152916731855496137733876056746422283188136024610500614586781983572597, 79144917689666191033050950920436958412877426255714605639723855079157386435049719532271923]
[178147646040155449748945194331315635931, 40614689594482045843719640441380098422923550571137974755237695850417399179399020428795421, 577212666276423056959195182108680724568880918080431865284147848837751474455099769762579361]
[258610539598351378060745353403286140780, 312955785101611694416425392825955838637527502944573243194519162545154678997638592986388906, 149621100699250252447262765277113261673593799145813154370205246646883748017588483240411016]
[251078279601713071211923039189885375792, 404640049344695078935079052961267364602695551088557223401467617059306985313295835968886651, 110512164426294018450366018431243306322767807746260887389862914500966395017596669551329633]
[45617714317224710268147598159618889808, 555449247012351318231010258126384529057010197616088559193389569762150829969668658701661551, 523150474902403647807686742938906456385451781242140601325807218503312246208483601754568679]
[218334070335870074426200882089345487163, 135280075117159155514061157909559701571943325178286092345734832612732248452991977809138365, 459131404285035547858320340593290076796838249825029433236780730054147236574134966227835648]
[181237277928397204281491872257818383687, 184368112801497022770026253113823923049953637692910026443655960678630981840749984263492287, 167682625029499866705174101333279632801953930470200460175217904255274272805375734052731585]
[42796679553586839817815624772743712166, 284223865420545261897438642119443876527565060457061167480361579946390244566849917642793233, 273080991074178107194421540264317008239684622418510795456035210957849863751293343317280844]
[240177077295472731096297908907600974112, 538917743485447008354005952580731717592846518966157855430729577436637152589391918972523140, 568507997438406564486154050854234562374614058037321927290537446804269903297418478417075449]
[314832714103065106705567876363015550716, 328087019547729794961098721990717391254409105868913850891329993469739863185353685872962115, 3153352725963254701645341019910714731095631066417746194959086311348137340318275354191840]
[7905643918682671500966041676065226535, 307339129433697565227219178569594638113725933623148036985228327346932538849730859372768413, 22973834319783310604788278526826381013713800971854854896409476522024745485501816239939015]
[310534530114516320453275811397561220899, 179576837947409914835686617485458632377713082157685301427473690371553501726249645576301045, 62353039288762227947151636299935859695429471454495509664335669693080401474650759720102540]
[148212053335568719846318522881728250787, 221140918551162288782093800117538803133295485166491627240052586872802933641407582340846986, 571867737029088249933499805208367522155586816326153630002216990891546788289350476140219097]
[151070007002143087454052818507906685262, 96462815417734342857861057524766098571353746371808560453628412490847987252961020672184981, 350825099918961241655687380679960436846975076799077407085841937040222716460166322278084366]
[88754053842678733544912507597178721985, 446352503180130950232267695820180268275408347608259647279837419153840560979323468629928425, 192150673569899763841443021257265515375578966524227748119414739070791882539268252726264919]
[42361987315690102601375076783164101125, 178128523730505152929554618554105855792776726106785818327808627565686906247431475098070390, 302556152492284344823500465063772153742152673789262672580432898524030106209341829646017699]
[27784219419392328034371641432049526479, 223608722633945205152601594930014650209758827113108550164650581937156485698026468427694929, 518362567270749722734940809887458672600967930854151133782138413769329465294360063439341817]
[237215397310588057474353581472725941522, 196380528956459760843934687393849021882195179786291096767213329450201893143355895641599106, 281530058013868220377899472234608819343461663852249420005367660593592062803878792545598385]
[9953699050995291373979151791430483524, 490602184481410067250835096871459745394526021988288364987883181900007850852532753306918081, 330176191430561445541199613818983324731101832864317712444793300926625784213266494771060824]
[282264526618372232370362960896790038872, 191979992318452087659587824928410785798689111200078291623751217875613175355675464315938704, 190731669404651907567365045131440893865370557328171917560986852986121991366520826463048651]
[286989685078542493783116813268293883930, 182468086668002988289408830278286726700442154892210896400917106597444224678959069847581414, 447408553104252072372769152362554343310288349353680925560552975092392907544370809694799616]
[7713345827245512822545436317748459606, 164749555283968095864457243468243932569026937074687475145612046707088115875095408942842351, 482600706127777863666368767669308134670405208233232457204550373013747001351210616089672375]
[27754767869181011445904852386023173695, 196099944352946436575408324299919304783279104257227889678719384524488811396985517703739934, 223327636776112859193390956809968473261128016929530050173684961212725511627900207923125306]
[39229448771009308539356534491029959208, 267591719793859213566460937597828472063107593078716890650360046154125434111326542379453645, 83782140191519729597196278302641279583856569444358035869846413195285976896571758421736347]
[137837509335402760242585834697172397400, 408073590593545225645959472435722252335252548084191662408909541160130146538940762305467845, 117592654310516448130614877638575103110453670666064100388300953608281767531326979053599958]
[16143813672902943953445004145751897741, 118275118174916250365789072012761074911172776283952660005463595893678021037257630892239983, 527068287736206199135527615450112156099097977681996486883762673640429500989336772580764977]
[46480696402337753542034407580056334480, 516018333168008650711092006808762740933071160994689326908185214216461661200793739277114606, 573424065239188717109938836613921193263672584369339437034356546235367016105373260911353690]
[266065977974217469341560901055549492499, 2232826718896726904212959711296167107620296180861979985342436976621250092359809661865560, 186310689404713940342070323659107900445842365433943540677750494751436833045437648444830695]
[47187626785169496377169459843004357581, 344722633677763149108071340722050349983584174399475513624947528794205070461695238077654019, 489398753628636861681792445857931057744188387451097453935904917456286749613730099590247811]
[174621363354685479525752621531992370796, 99349930042660708859455488896874971372691197206035130412755183435819445923120443069883671, 453798668677436678321006220083259906654061988401695708633845605238866513256055641334737519]
[304039999437951919374180775728131200817, 277816138965777665423349753713088236576676878193711149428078251579939022095187002826740385, 347009465786811498217265567796718773601250005377424906831502000833214654597882860964511985]
[226808914281106139262911407539992465821, 168336602427662580160710514315104970229743779283956378581935404251957802458602254681473035, 112171653362402505148562601760262267543056830812733817013949453039981114734656693635862726]
[333988198493448056527771430938254194196, 72539875969625362287671818849689617838435024394704946534899865995988570311598376016113473, 471251997554359458814942809627347233956840598424705871264212341952340882295031015767643264]
[271442556801375777993862194237021778366, 532344739713469266552323822886005786120657093191545367775748918776375347864641893954666207, 315884680315049572835644781182448962549351700786871609440882873145602515026037513934573357]
[142507955557127374552817440392375432068, 428719099309973145248441961868575672717724246733153262000785170280060997889060733932781210, 185977333189726641831568176819516122416952800874494848717224413160847137937160289215850616]
[182778086597356015652111777410264935648, 311257849005252392359818346230856669320368936952621959008206136483649788906894666639465767, 435994108238408755482346409482193287577164862313396587615706358178681620357915511419450435]
[17034609416454041666505775922831914348, 12845099640293906655969720045231374167781808585583996539174455940859621929535855033868324, 403280603901882850434546723104034151476832232950622799854876042354182510394729406099220544]
[174680233143047984851674698311537962889, 557734112166437948419135508803148019085470254446407782499535244216062899337097484272065056, 291650607023897644729092028631056773197233591773895508513675430297466724072940329817339434]
[236723984542826460420607758039202535764, 275373558021762907054934840422434859385314383013385620715393009834283839822664266562224483, 45975789606084409732683736576171866412299742372530466033788246084884734733051367904137274]
[183831493444844657499050054210111985520, 476071186928886940499050653153905506812126167035903550857346755600458925265066512784442027, 70828232673433403113781386851853697141642842140304721666856511949056346496111381029021081]
[282115045842136869762957567586357268539, 131838172958106379027580218038034139225582857010822267496999847473926054818308248165883906, 164274225213440430365349438727583570379832982566238964233786608241429472901838680506267798]
[251621717552649499061040991669083225611, 521443880155988535270900109205000804805471698171729616604026604578008080620490566083324854, 384922894116842047702951809048068697603007888020138612656344831721291871219559312661317248]
[163156489529162162003810844869901568164, 481379680490630752628855476346463725473886543048135743677646983322937317939736322615229873, 33880970973945229017282211684107629726900463515522630325471764792214932254336850437599992]
[51019130935191803693544191024628202723, 165808020669336194391177928928137348404749813938486049557806530341955353807293495431463293, 153293576645538188331800442290350931202035263352048301442835413137204279327695835319374948]
[35839838531625794881275661931598138327, 294053638420830532693758944828185266305094822808348154140485655032533488125124523742139787, 540375090038865533090415763423652351315066229872182302386070969357048891177394547096948424]
[16393696588432367226208499601238255954, 6953533069417879879768614385570803411884204876853225905315211708016028152227989696560234, 411167855585481429542080017871720628348045001169333861953893721092010199043128484836754390]
[81747073290006768928314847582447860355, 473358776517225902490089608846509665969430770769226746674783362783355279112039501397864325, 151961417705388466782601859981740007112249333542360254920012498244077854226379356132833540]
[16153698073337340473612502318635987895, 51905482125698716777427343327096061776656528882430573767527085710198766317047624616659889, 380981587043242017999820255288298163723947162742066107506901614951372180778213355290403922]
[257708527111853144552859739026740747982, 554456030496239600304835915574665500815214153108436100911159455063323157607815343224005785, 306809459907110570347905061983283238723222031632251591191182124788389119350269765999703027]
[243885996837279268831102111875262744922, 339154005156095848396252511893588758377994764449284586512550194415440632312766544270992671, 413773594761419476692981497829985230446310102954764563407750959230437879000271511209143831]
[241090289167688919223105543856205765482, 502320371702626112041890052187069154300365193999338950724356976053216165011689406072093926, 39500715087073089293564596989384652356391374173550554158851510749579321920372614921460451]
[71300084809199697499782468389856534590, 380929781613228865841618654742672208691323957521022913783679903429696855858758627159022620, 533112407790210162867703690520982863531430389876304538480067976898886515755998031452567192]
[58157706015450094299428876466689146038, 122962006925379842186278630246330438027603097290823879199411007550501183435492560342697473, 165512841069015855155471059793337895266853472113353508981294966181654802506971465421374709]
[254707068459963544391583539140410404148, 201838661022841584710479888924538044048464003717823097655435323156421245415728609679663733, 441559394559927001585567701105123992094201071705483938000734430322626021025510989011818036]
[214437499899318509983642089144944688593, 113846291103922247344117507120708558587079599832265351594949396877480793223672183289487283, 586837371087486168804892066328638619604269489443120387143146768026418024071245008369447133]
[190545272343380730471612440549861446520, 13655167492082743052926589540143262699519399114412436062182269048562925021442264311381431, 143325450629838651263139769408305361167096522925869663435471142626687310303022365041315796]
[153176470797803118660812361367577016970, 121320785158057690786055291066334489015894512249368693711607184956245809773815810811351067, 9976525593249976650120192951524147984039567780289595334972215503697578124738873586273290]
[227237580310748519879417904254373506913, 373972176984354651105130120852330080549145271048310891812950812088093648250950276159260337, 499810533676315040552936304462467070493096032871862376052123767665594433198117196466700345]
[38270671440535310943744859403561549702, 81166069932414266556098656501416443507403204114440801228808944797449602133086340859836861, 231455534356200721961533295459554098348534995760751264400406413769472781780395477998767452]
[117515696393503543913559045319347541209, 546267159154704414899576526820686194571414581763573500906418193416493001356059491121653476, 524525723690740624847657272108466068032692554495956062368761707561303661738843495483251831]
[9674784800659754612193432761879227318, 541408223335977187595890732619486508171761499734552459340745867982647064797072998276574776, 56700528577799589606670293593123835374512902565789404463106440468662472739747749537535892]
[126268574401905272092822576492821784638, 325741008820142075908483280060558635990222625432886100004931574511440169775264986031050694, 168994359605583954900023437932280246320578156212586077286984555383070910544473292432080918]
[161264672641565885577326543543828595112, 219192065057551485693665443800926530005925490095509075665639129198208694921726643066537246, 535415937348218055324768299509410297644660896910262057061416526414837463446414452721765938]
[299301555347783308751522805747334369774, 243659244085544507161497406614301333771576668809162960955505449395236481283101288320754526, 566144394337891810259507514327986327727359589129269974676823107700107851384187858504635206]
[324602411748887784783522948316494641501, 432820881477445010996211790975235295122550295484810404261617103057067995769131747211772071, 406600045850406528281117269726423228849538996169692318725739753062798069043966612815863883]
[159711342807429034737779482460153161623, 17758656014604469265849202826631837205074426238702686537135651559302400286561312517909535, 254900888044968280821664718635446269620318067110559639853887644820915116068404388097948828]
[301555974980042140288095075885663131909, 224885733388242468110534997672529979938340391189559677743742693403651096930280542686576133, 268252327389190996414773342852201389760247721192365084974436637395677972850487447126121327]
[243501062155300646940591246926473247489, 305469828057645481406116356693606280220586263757897089439188695351018420142607282732285676, 525469632401834637777712065314342827053081261950818191495677565128211915166227866280230901]
[137156050758428438478495280679586830688, 316657940503778893272505192142956104669540992100236850321174847843160375191128685734717736, 256464447402801714315795257213587506128248603802870050397876415593382819370832752465496189]
[296367326106678571383436469486638723145, 275569491759960998082296950177081894570875152878810379004993037527045341457573474884098364, 301182382230449159521334800700841432956977176920089817014568590689309530604477019943432317]
[228125545285267750551685031312288619286, 295071525376970401887563202227966394842073095474260158395974002082828702221579023740065087, 96069246419799485493970469871217066325514441643177857402811042845844999089418392917042785]
[57809301282064665618079871108166736122, 308588234207069719602573143739628079200916049685344855628823481716569013402082606938808378, 84224208033631922522545418833900876706728705329418197302656383781383137657667350901602873]
[183586040506852669787132951780552879956, 255724841587891396535849726239513024684809265246489208094874938721697379867145690581526409, 120958886137709335856724955171318298597060769063579683212768006758348085890263394400260652]
[30597829768113669790304719223050416819, 470046417200148066947723439657839521071443043082767288097439852591401798880466324045279355, 509031349528747472272460367904552057443867320733104706925854651839924007612231567964007240]
[50428020760352263202653272348092926702, 466507376691039053025131071604041700458508079165440404118000384189979554451553570056457584, 88681220684895950190172271495742999056179669843306163141325748631648855381456329310139751]
[213781259746427520920946137505115387961, 566656823341021270729038546535159523827367267048468482885487338636188063579771373447117499, 282251996404907865039684807605614091586743187077463200385420024409524754971548966836758841]
[279143473742178189708381283406292529858, 134889341017109086208767333175860580242930897162575907451854516867107542007570840494356268, 286116484588180840853261476549560705476903060729190481469040379386334396561557543899565853]
[333593657410154489613812994985054734564, 307368622369716949808468508590542420707682767805498653712865579954380277958922943972124202, 257323376383373414306645032258010783596270602433269843201382835791457058031284259417481926]
[209883009081678472725450590446853249445, 462539656481999706009601063403944379446437506749998811279554078542848887250455124442835745, 376489269502304035522683514498501397384112825233123698050653958190740593849173385166842747]
[43928264319962631890043000403070928712, 538251973014099726632153118169738406874441371133574689091131727979688451458187739072491406, 153142991685937970593309670073332478988449142659203838180786459283929655763864912351104915]
[225332311931398726064394841763969606227, 345884515006527627483384305830371146362575532894823439427951526681979519286143811251214049, 4245677595278786808732629662073706053869442422876349859027572418125014600659016486625895]
[223885303205656259442873057937711625154, 133603455682092600946596996941899168438355695324810120983737212775398368823555054918909679, 345036555717479948498008526984105442615020461877054524618184346964491022614889148879162094]
[127061317566211412652076502578901119677, 360286242213252742112178428268883905203731470198336196784866707722358667572225608705458724, 118933086237144311951888049534982441059906329404873511941333827866346647044508942474153107]
[155649774945646021255294526559609898231, 553640139550682658535717187765619555305315980458102217033795793929648274912506146996871677, 131668712519461718800410926485985299723754294343501513645755564084088263575048283693369871]
[12301934050588204220389332844575434089, 576847875059743377765449772568438597793745919129186260989553096003155696022792154670533699, 435621107040055139478865854840500649517905625056795559670971620037145680846262922870476216]
[167801886771999534808293604893119512084, 355230709937328543865971646913750729628517360270699637046590901980277925683802533503133057, 49330753191973013519365853513666095684393990162562945266041615092380878917465865224987859]
[24807220395840625430891650190271665009, 122676266870723803479483072459770439877528820348414922965637535845504110249003664115950115, 167672840818732441499838828817954953218981599797646848348249721359124004349536178806735737]
[49855096996083152470429494460250933736, 328275316830997289435137286869608774226121930061861291617155492805346785895101978262942339, 128715893250826753746170012776011349859186433998861541658114862337847795193506103427214384]
[320434276007931625161095502784449017911, 395449198318533683736047284866849853261484098635391578424514021394338828246654356868400910, 314879060605701115092026875682602406492528883940199831449206560321424191289507887839717741]
[30911954337846706947829250742447223910, 37745081581369167428961403373625869213646343703092958991247758361589563662812223188143958, 209383736252147608096060858508840878803964013696256032994462012029147393292218568658300603]
[143498300553414134837516447259454289174, 302431632787514070414235080866013566554326652277328397703281294189422675156370388182850386, 338978071066935769573528267199067162833955324476751882026944690578314642359483938324281939]
[199364735431416408013885594620232648739, 121374769871191994473624157777049122148337256818802221956368538652591954114226925857226507, 437172116597483484149105877993537487187107501956883588727681031238347264574027656867533408]
[79536875122468039566451254289381810137, 482614881190780634012673043447217176124279510391990435669201508104089694063301352185574151, 379686357967911564769083006016438975754064940313916907385285395037080190752308316335078050]
[3659752039515750490844127657999915398, 176694568636265412466897152940804395880105529315382353518660079087697858504037315562880060, 238054830138796587939586462846469932617316419564146131774456892603605327047342935916066842]
[32799922342718437702041908729744725052, 493597430637067802687125318956218110012017104118623057198131378061092133713264460400607853, 12075273915987123890240418541137940391615153745078792957997801795406350560141882408804035]
[97936085738668616779236905137754183110, 418405558868051311378681070510741208751508290250046401957110864072974651920509290828841703, 552811672808699817605080531539915253774916925560844327480431342140441660934249086737522951]
[241447120565109555073950368414855653809, 29476595163654053149320632627098143561627034252187571323925756377900111466544326402042698, 184684976688124093948153613333924884973521058596062780640307853318421948307086803263516146]
[148986163056083845608290264537304291002, 163812084635812160350528550357836093331017309361187867718762976548587462068196732870184203, 506103297579240333174564483788656445891507791672383815100432004675619584896818356893083569]
[131070371183470160293503145934185161477, 284773021667685933040336658848878753465987744922608266215953079667223297190268698057325482, 311168099897807748023669675824894315659897242266902943993515153731901395566594974956654163]
[147368245749196028173744907024200876301, 404194364561642045654772113881557412934809792170719273403310129145578367014078822091469390, 565345301021642303710215945761949300965170269732050482981084210531273756064245129361573670]
